4294967278,347
4294967279,534
4294967279,533
4294967278,343
4294967279,283
4294967278,289
4294967279,106
4294967279,105
4294967279,104
4294967279,103
4294967279,102
4294967279,101
4294967279,100
4294967279,99
4294967279,98
4294967279,267
4294967279,262
4294967279,261
4294967279,275
4294967279,258
4294967279,257
4294967279,254
4294967279,253
4294967278,258
4294967278,257
4294967278,328
4294967278,327
4294967278,326
4294967279,132
4294967279,131
4294967279,130
4294967279,129
4294967279,128
4294967279,127
4294967279,125
4294967279,124
4294967279,122
4294967279,121
4294967279,120
4294967279,119
4294967279,118
4294967279,117
4294967279,116
4294967279,115
4294967279,114
4294967279,113
4294967279,112
4294967279,111
4294967279,110
4294967279,109
4294967279,108
4294967279,107
4294967278,325
4294967279,126
4294967279,550
4294967278,254
4294967279,513
4294967279,123
4294967278,253
4294967278,221
4294967278,321
4294967278,375
4294967278,316
4294967278,371
4294967278,369
4294967278,365
4294967278,364
4294967278,313
4294967278,53
4294967278,52
4294967278,51
4294967278,50
4294967278,41
4294967278,40
4294967278,39
4294967278,38
4294967278,37
4294967278,36
4294967278,35
4294967278,34
4294967278,33
4294967278,32
4294967278,31
4294967278,30
4294967278,29
4294967278,28
4294967278,27
4294967278,26
4294967278,25
4294967278,24
4294967278,23
4294967278,22
4294967278,21
4294967278,20
4294967278,19
4294967278,18
4294967278,17
4294967278,16
4294967278,15
4294967278,14
4294967278,13
4294967278,12
4294967278,11
4294967278,10
4294967278,9
4294967278,8
4294967278,7
4294967278,6
4294967278,5
4294967278,4
4294967279,88
4294967279,260
4294967279,2
4294967279,174
4294967279,55
4294967279,53
4294967279,52
4294967279,290
4294967279,39
4294967279,38
4294967279,37
4294967279,36
4294967279,34
4294967279,33
4294967279,31
4294967279,29
4294967279,28
4294967279,26
4294967279,25
4294967279,23
4294967279,22
4294967279,20
4294967279,18
4294967279,16
4294967279,15
4294967279,14
4294967279,11
4294967279,9
4294967278,248
4294967294,437
4294967278,240
4294967278,238
4294967294,115
4294967278,237
4294967278,236
4294967278,232
37,5
4294967278,230
37,4
37,3
37,2
37,1
4294967278,228
4294967278,224
4294967278,222
4294967278,220
4294967278,218
4294967278,216
35,4
35,3
35,2
35,1
4294967279,214
4294967278,214
4294967278,213
4294967294,1418
4294967278,212
4294967279,549
34,6
4294967294,395
4294967294,396
4294967294,399
4294967294,1416
4294967294,1171
4294967294,385
4294967294,420
4294967294,183
4294967294,398
4294967294,1172
4294967294,444
4294967294,415
4294967294,112
4294967294,467
4294967294,465
4294967294,116
4294967294,455
4294967278,359
4294967278,377
34,5
34,4
34,3
34,2
34,1
4294967279,546
4294967279,315
33,5
33,4
33,3
33,2
33,1
4294967279,545
4294967294,387
4294967294,388
4294967278,192
4294967278,189
4294967278,191
32,5
32,4
4294967278,190
32,3
32,2
32,1
4294967294,470
4294967294,468
4294967294,89
4294967294,1414
4294967294,182
4294967294,161
4294967294,421
4294967294,1006
31,5
31,4
31,3
31,2
31,1
4294967279,327
4294967278,183
4294967278,181
4294967278,180
4294967279,179
4294967278,178
4294967279,177
4294967294,392
4294967278,176
4294967279,63
4294967279,62
4294967279,60
4294967279,58
4294967278,49
4294967294,51
4294967279,165
0,7
4294967279,49
4294967278,48
4294967279,47
4294967279,48
4294967278,47
4294967278,46
4294967278,44
4294967294,92
4294967294,88
4294967278,45
4294967279,45
4294967278,43
4294967278,353
20,2
4294967279,540
4294967278,42
4294967279,291
4294967279,42
4294967279,538
4294967278,352
4294967279,40
4294967294,5
4294967294,1
4294967294,17
4294967294,99
4294967294,76
4294967294,1001
4294967294,186
4294967294,25
4294967294,1000
4294967294,29
4294967294,82
4294967294,1175
4294967294,0
4294967294,107
4294967294,91
4294967294,90
4294967294,87
4294967294,86
4294967294,85
4294967294,84
4294967294,1174
4294967294,1017
4294967294,1173
4294967294,419
4294967294,28
4294967294,1016
4294967294,27
4294967294,53
4294967294,393
4294967294,46
4294967294,389
4294967294,390
4294967294,120
4294967294,114
4294967294,2
4294967294,45
4294967294,427
4294967294,44
4294967294,40
4294967294,41
4294967294,38
4294967294,37
4294967294,36
26,3
4294967294,39
4294967294,42
4294967294,96
4294967294,94
4294967278,351
4294967294,9
4294967294,8
4294967294,22
20,4
4294967294,469
23,4
23,5
4294967279,537
4294967278,275
4294967278,272
4294967278,283
4294967278,271
4294967278,334
4294967278,282
4294967279,523
4294967278,266
4294967279,530
4294967278,333
4294967279,259
4294967278,342
4294967279,521
4294967278,279
4294967279,326
